0 1.04731e-13
1 0.0322487
2 0.489398
3 0.297425
4 0.546541
5 0.321409
6 0.412142
7 0.0854557
8 0.357811
9 0.0540832
10 0.544085
11 0.473528
12 0.473426
13 0.167903
14 0.404096
15 0.907146
16 0.913963
17 1.18803
18 1.59935
19 1.64734
20 1.02787
21 0.886032
22 0.847184
23 0.361782
24 0.429716
25 1.4916
26 3.32306
27 1.16488
28 2.3561
29 2.59167
30 2.34056
31 0.49282
32 0.336798
33 0.738405
34 0.775657
35 0.240238
36 1.28003
37 2.67648
38 3.69411
39 9.03494
40 15.1847
41 12.5698
42 11.6396
43 12.4736
44 12.3548
45 12.4259
46 8.18343
47 1.01962
48 7.82238
49 12.0734
50 5.11857
51 1.4544
52 3.05427
53 1.79439
54 1.25599
55 1.3627
56 4.49747
57 4.75264
58 1.42839
59 4.65468
60 2.21023
61 0.64681
62 1.14727
63 0.748817
64 1.2624
65 2.99435
66 1.52616
67 2.54905
68 10.9503
69 29.662
70 74.0279
71 77.1003
72 44.8012
73 27.1947
74 17.772
75 30.1382
76 61.5549
77 65.4473
78 34.5429
79 31.5087
80 25.4836
81 13.9582
82 18.5199
83 35.5082
84 50.8434
85 52.9747
86 26.7485
87 17.4589
88 13.1892
89 11.6484
90 14.4315
91 18.9729
92 15.4186
93 17.4289
94 26.6969
95 29.7747
96 34.8797
97 42.4353
98 30.9315
99 12.2718
100 10.0075
101 20.5813
102 11.946
103 5.33367
104 5.8543
105 2.7193
106 1.82188
107 3.97367
108 8.36766
109 12.1358
110 7.80459
111 5.89105
112 10.8743
113 9.87784
114 1.99545
115 4.24306
116 6.78959
117 6.65144
118 8.04926
119 7.13404
120 13.2877
121 2.42432
122 0.368614
123 6.07631
124 4.30829
125 3.17724
126 3.17147
127 2.98106
128 1.77724
129 5.81119
130 0.788984
131 3.5921
132 9.22798
133 23.1642
134 27.9879
135 21.183
136 20.8683
137 17.3318
138 11.4035
139 9.29518
140 21.4481
141 29.5204
142 27.5044
143 23.3793
144 21.9688
145 12.5867
146 9.62797
147 8.84278
148 7.35496
149 6.38143
150 7.33678
151 6.53474
152 6.66107
153 4.36833
154 1.45017
155 3.41587
156 2.94393
157 1.71117
158 8.4611
159 18.8694
160 19.3334
161 6.02465
162 2.788
163 5.04364
164 2.75779
165 1.86838
166 3.41179
167 3.43851
168 3.63354
169 5.28414
170 14.6316
171 11.7306
172 8.77315
173 5.24221
174 5.59815
175 6.65986
176 4.56974
177 0.950531
178 2.4165
179 3.07977
180 5.56507
181 6.53871
182 3.48129
183 2.75545
184 10.0643
185 8.57733
186 4.75268
187 1.3719
188 1.43004
189 1.376
190 1.4538
191 13.2424
192 26.1827
193 30.7409
194 30.607
195 30.2198
196 36.7131
197 35.4038
198 27.2193
199 26.8819
200 41.9804
201 47.7956
202 55.8268
203 38.8869
204 17.814
205 13.3083
206 13.9698
207 11.6234
208 4.39276
209 12.8174
210 6.34175
211 8.44206
212 11.4015
213 18.7387
214 23.0617
215 11.2756
216 1.0329
217 5.91739
218 2.47294
219 1.25625
220 3.07685
221 2.49214
222 2.73435
223 1.50643
224 1.49094
225 5.09527
226 4.28091
227 4.59313
228 4.74823
229 3.76021
230 2.22253
231 1.36005
232 1.88267
233 4.07672
234 7.82623
235 11.9166
236 16.1665
237 18.3013
238 15.5444
239 10.9012
240 12.1846
241 16.81
242 27.115
243 16.7194
244 6.64281
245 4.50363
246 5.71782
247 6.3241
248 4.79092
249 8.1853
250 17.5477
251 11.8114
252 9.85917
253 7.43006
254 10.6688
255 26.253
256 27.5344
257 22.2336
258 19.1319
259 28.7361
260 12.8048
261 2.07149
262 7.28607
263 7.15765
264 6.50824
265 3.83074
266 5.94868
267 5.45426
268 6.35482
269 9.61226
270 21.4227
271 38.6412
272 43.7429
273 36.6829
274 24.9685
275 16.5792
276 18.7855
277 20.4905
278 8.71781
279 15.0508
280 13.51
281 14.594
282 12.2695
283 8.07249
284 2.44779
285 2.6542
286 4.10538
287 5.69933
288 11.3818
289 15.0627
290 17.663
291 21.5587
292 12.338
293 4.06868
294 1.59845
295 3.88867
296 5.28351
297 4.06843
298 3.00811
299 4.7271
300 3.11524
301 3.52719
302 8.94508
303 12.9568
304 15.7073
305 13.7259
306 1.84565
307 9.79522
308 7.22155
309 9.59612
310 8.38669
311 9.31154
312 15.7027
313 20.228
314 17.446
315 12.1815
316 7.98303
317 5.00147
318 5.79227
319 5.11901
320 4.1164
321 3.84798
322 6.57204
323 3.25119
324 7.16501
325 3.48912
326 12.0473
327 23.4973
328 34.2877
329 25.021
330 12.897
331 9.03427
332 6.17011
333 6.75249
334 9.53786
335 17.217
336 7.55522
337 2.47091
338 2.8767
339 8.41087
340 7.47968
341 3.67933
342 4.38066
343 5.76483
344 2.77568
345 2.68228
346 4.31088
347 5.00396
348 4.49938
349 4.09888
350 4.75812
351 2.01311
352 6.50488
353 9.17445
354 7.19189
355 7.27252
356 4.1053
357 1.9433
358 1.31057
359 0.778564
360 0.780955
361 5.44359
362 6.62854
363 8.78331
364 11.5053
365 6.93596
366 2.86392
367 11.8988
368 10.9389
369 6.72833
370 2.98702
371 4.6067
372 4.7869
373 9.38962
374 10.9671
375 2.38993
376 11.474
377 4.96309
378 17.1048
379 16.6279
380 8.11749
381 3.21541
382 1.02449
383 0.307259
384 0.600394
385 2.78358
386 3.45314
387 2.88889
388 5.26059
389 20.0022
390 42.9261
391 46.0395
392 44.702
393 32.6213
394 22.0436
395 12.3735
396 10.9188
397 6.42699
398 11.5451
399 24.5635
400 33.0083
401 33.2351
402 11.9434
403 20.0528
404 14.3342
405 6.19905
406 2.23404
407 2.91635
408 3.69614
409 2.79256
410 3.15377
411 2.71197
412 2.57555
413 2.61347
414 3.72022
415 5.37838
416 8.0564
417 11.0372
418 15.3992
419 17.1248
420 25.7522
421 32.9577
422 28.7178
423 22.2588
424 14.78
425 11.9092
426 8.7748
427 6.79265
428 4.13191
429 5.45284
430 6.38931
431 3.20712
432 1.35285
433 1.69539
434 0.569368
435 1.09393
436 1.75066
437 0.691568
438 1.03564
439 0.497057
440 0.193674
441 0.399382
442 1.27966
443 2.21684
444 3.51917
445 2.30997
446 2.64386
447 1.25291
448 1.30772
449 2.55071
450 2.52639
451 6.45885
452 12.3549
453 19.056
454 20.5989
455 18.3703
456 14.0434
457 8.84942
458 3.27403
459 4.64871
460 6.31455
461 4.9255
462 3.43253
463 4.32291
464 6.1037
465 3.60865
466 3.79598
467 3.93347
468 3.13828
469 2.82516
470 3.53776
471 4.39608
472 3.20359
473 1.54499
474 4.56453
475 8.74693
476 8.29755
477 7.70638
478 3.48231
479 2.328
480 4.3805
481 2.64474
482 1.46755
483 2.44438
484 3.89942
485 5.25909
486 4.41149
487 6.22611
488 6.96481
489 8.03332
490 5.95473
491 5.34891
492 4.40579
493 4.38074
494 3.83464
495 2.57473
496 2.54287
497 2.61077
498 1.7041
499 0.723617
