1 -3.67923 0.754636 -0.0157596
2 -4.0533 0.691329 -0.0170136
3 -4.40479 0.594566 -0.0177758
4 -5.00926 0.105532 -0.0185176
5 -5.33985 -0.260088 -0.0186749
6 -6.08245 -0.704123 -0.01908
7 -6.47825 -1.11236 -0.0192633
8 -6.3579 -1.40067 -0.0183247
9 -6.68385 -1.58482 -0.0181626
10 -7.26238 -1.98828 -0.018658
11 -7.36091 -2.74857 -0.0165705
12 -7.98739 -3.82982 -0.0155034
13 -8.41346 -5.33325 -0.012947
14 -7.8333 -6.71245 -0.00890983
15 -7.50105 -8.31597 -0.0050155
16 -6.80137 -10.065 -0.000290936
17 -5.74681 -11.3042 0.00322987
18 -4.44624 -12.9879 0.00887157
19 -3.08738 -14.3533 0.014775
20 -1.23575 -15.9988 0.0235387
21 0.674403 -17.5109 0.0327665
22 2.01926 -19.3986 0.0411591
23 3.16022 -21.2905 0.0478964
24 4.24998 -23.0286 0.0541184
25 4.64852 -24.4384 0.0596197
26 4.53961 -26.3819 0.0651334
27 5.90745 -29.0766 0.0735114
28 9.10511 -32.4396 0.0846162
29 8.61934 -34.8641 0.0969267
30 10.4263 -34.6582 0.102621
31 12.0145 -33.9902 0.108301
32 14.3166 -35.0879 0.114992
33 14.1207 -37.4793 0.120301
34 14.586 -39.3724 0.125354
35 15.4897 -41.3545 0.131289
36 16.329 -43.1753 0.136329
37 16.5054 -45.0722 0.141186
38 16.0701 -46.0619 0.141817
39 15.6232 -45.6499 0.139005
40 16.8211 -44.2236 0.133068
41 16.4192 -37.5124 0.108423
42 14.0331 -24.9069 0.0686996
43 12.823 -14.7438 0.050469
44 11.2544 -5.77189 0.0266089
45 7.13084 3.01147 -0.00236623
46 5.63914 12.6514 -0.0285292
47 0.979742 21.0935 -0.0427081
48 -3.07077 24.7343 -0.0356678
49 -1.71278 23.4092 -0.0141696
50 7.56604 19.6437 0.00869171
51 6.82708 29.2003 -0.0234311
52 6.56077 31.5969 -0.0270062
53 7.97176 30.5018 -0.0101595
54 13.0082 30.2672 0.00944027
55 15.9097 30.0208 0.0252677
56 19.0646 29.1101 0.0446364
57 20.9256 27.695 0.0632768
58 20.0096 27.1553 0.0752393
59 18.9074 26.3414 0.0870834
60 23.6321 23.9184 0.108697
61 31.7954 22.0587 0.132662
62 37.5755 20.5519 0.154477
63 41.263 18.2573 0.174813
64 44.8286 16.2329 0.194939
65 49.0424 13.8696 0.217469
66 55.5243 11.6114 0.24358
67 63.7313 9.55494 0.270065
68 70.3754 7.81843 0.292858
69 73.0693 6.0682 0.310977
70 67.2426 5.32814 0.314615
71 43.0451 9.25831 0.292106
72 47.803 8.04845 0.218105
73 52.4594 7.22534 0.17422
74 57.0748 6.6748 0.146999
75 34.8052 11.3307 0.183449
76 21.4667 12.2404 0.226933
77 25.7981 12.3848 0.227429
78 30.0767 12.6792 0.161179
79 34.3902 13.1217 0.0620927
80 38.8168 13.739 0.0378974
81 43.2245 14.6743 0.00889183
82 23.1305 8.72226 -0.00749695
83 15.794 2.0387 -0.0434799
84 2.18559 -0.867468 -0.0834702
85 6.72457 0.0587628 -0.152026
86 11.3321 1.04047 -0.224473
87 16.0264 2.08214 -0.286225
88 6.23039 25.6275 -0.305308
89 -3.3307 36.643 -0.319466
90 -8.79045 45.8645 -0.32655
91 -9.5375 57.0376 -0.331497
92 -18.3936 61.218 -0.33168
93 -29.2063 52.3646 -0.319716
94 -39.2183 54.9574 -0.33707
95 -51.1931 57.592 -0.360222
96 -72.0798 54.0698 -0.396095
97 -85.6027 32.3387 -0.401206
98 -80.2536 33.6142 -0.365275
99 -74.9741 34.9027 -0.278562
100 -69.8615 36.3071 -0.208833
101 -55.4969 30.3045 -0.170477
102 -43.8077 24.734 -0.15103
103 -33.2343 6.58297 -0.120614
104 -24.9532 -3.00033 -0.102071
105 -22.0537 -6.55972 -0.0865576
106 -16.4095 -9.66776 -0.0573193
107 -13.2701 -10.3205 -0.0341071
108 -12.8764 -9.42175 -0.0247554
109 -13.4985 -10.7858 -0.0201886
110 -14.2299 -16.979 -0.011735
111 -12.1501 -27.0741 0.00574176
112 -13.3187 -32.6709 0.014477
113 -15.1569 -36.2319 0.0254891
114 -14.805 -23.1949 0.0236488
115 -23.6062 -14.5916 0.0125645
116 -25.5345 -14.0162 0.0307373
117 -30.5755 -13.7886 0.035847
118 -38.6486 -13.5217 0.0280142
119 -47.4334 -11.2538 0.0148232
120 -57.2371 -4.78556 -0.00360876
121 -66.9385 -2.44788 0.00396912
122 -82.7447 -2.56308 0.0161879
123 -87.7242 -1.17198 0.0143285
124 -91.7036 1.89946 0.00158971
125 -101.624 4.19117 0.00439808
126 -109.907 5.62281 -0.00390921
127 -111.482 7.54281 -0.01679
128 -113.198 11.4787 -0.027891
129 -114.819 14.8936 -0.0344271
130 -117.271 17.1666 -0.034648
131 -121.696 13.8097 -0.030076
132 -125.865 16.5197 -0.0488679
133 -125.757 19.004 -0.0681182
134 -119.952 19.8154 -0.075936
135 -101.024 15.0865 -0.052289
136 -76.9336 11.0637 -0.0254977
137 -59.7349 7.47619 -0.0179111
138 -42.4309 6.5093 -0.0143606
139 -28.7029 9.8328 -0.0240095
140 -21.3703 14.405 -0.0436236
141 -15.9563 14.4524 -0.0550811
142 -1.27076 5.18813 -0.0444226
143 22.7994 -2.23303 -0.0306044
144 43.9684 -11.4159 -0.0205055
145 59.6802 -21.9037 -0.00457658
146 74.7379 -30.6435 0.0183493
147 81.6366 -34.5097 0.029183
148 86.2719 -35.5933 0.040047
149 89.4233 -38.2544 0.0605889
150 91.8597 -37.7226 0.0750908
151 92.4188 -33.0939 0.0789284
152 92.4708 -26.4572 0.0825541
153 93.8864 -23.9342 0.0979074
154 95.253 -24.4696 0.117484
155 93.7829 -25.2436 0.129145
156 88.0623 -25.003 0.128229
157 81.3658 -20.2689 0.115311
158 76.813 -15.7065 0.102895
159 70.8439 -12.5512 0.0884708
160 57.7302 -8.19501 0.0651293
161 34.1038 -3.17759 0.0282184
162 10.2744 2.18448 -0.0234185
163 0.307337 6.12557 -0.055813
164 -3.12667 10.3971 -0.0647999
165 -5.75796 16.7865 -0.0680258
166 -9.64613 20.9239 -0.072181
167 -11.0431 21.4965 -0.0731957
168 -11.6396 20.1552 -0.0712547
169 -12.7811 18.0411 -0.0675117
170 -11.632 16.6334 -0.0621926
171 -8.54346 14.7988 -0.0510462
172 2.26566 7.08754 -0.0175224
173 11.993 2.19129 0.00674291
174 19.9929 -0.524355 0.0228957
175 25.6515 0.878014 0.0229791
176 30.1377 5.61207 0.00822623
177 35.5937 11.1683 -0.0119764
178 41.5914 13.1588 -0.0226797
179 44.14 12.5394 -0.0239883
180 44.0225 11.0507 -0.0210353
181 43.8531 8.64974 -0.0166381
182 41.9125 4.49227 -0.01309
183 37.7084 1.90828 -0.0185103
184 36.1472 0.397588 -0.0236297
185 37.3705 -3.0876 -0.01951
186 43.7916 -12.5235 0.011903
187 46.2088 -21.7267 0.0412932
188 44.8574 -26.2068 0.0536963
189 45.4034 -25.5866 0.0542213
190 48.0037 -25.8522 0.062676
191 49.6571 -27.3763 0.0801788
192 48.8253 -27.2734 0.0973718
193 37.2737 -22.002 0.09696
194 12.3321 -28.1786 0.116448
195 12.919 -28.2731 0.147782
196 13.5791 -28.3454 0.169656
197 14.3283 -28.4644 0.158939
198 15.0813 -28.6948 0.103797
199 15.7809 -29.017 0.047205
200 -9.69533 -21.9159 0.0269275
201 -34.7889 -14.9709 0.0207457
202 -33.849 -15.6112 -0.00115398
203 -32.7121 -16.356 0.00658526
204 -31.3779 -17.1735 -0.0168019
205 -29.8582 -18.054 -0.0020111
206 -45.9024 -18.72 0.0431433
207 -56.5413 -23.3185 0.0827523
208 -68.1251 -23.2386 0.0832566
209 -77.1245 -23.2105 0.0713742
210 -72.0132 -19.7575 0.0610631
211 -58.2189 -13.2285 0.0459584
212 -52.5466 -7.52329 0.0130141
213 -46.4036 0.562979 -0.0146688
214 -36.7029 10.4093 -0.0409342
215 -17.8355 21.2567 -0.0648255
216 3.95176 35.3929 -0.0889865
217 18.4611 34.5937 -0.0809375
218 22.615 34.454 -0.0799539
219 22.4035 29.5255 -0.072676
220 26.8257 27.2606 -0.0746263
221 30.3041 28.2963 -0.086842
222 33.9618 25.0082 -0.0839998
223 37.7351 22.3845 -0.0825035
224 39.4788 19.8849 -0.0804005
225 41.5337 20.0224 -0.0796223
226 43.9512 19.8479 -0.0724845
227 43.288 20.4365 -0.0706094
228 44.0814 21.5228 -0.0766912
229 50.7598 24.4488 -0.0858819
230 59.6636 25.4198 -0.0873216
231 67.3244 26.1035 -0.0897342
232 72.9567 26.7004 -0.0919045
233 77.1757 26.756 -0.0958769
234 79.7129 26.1984 -0.0980013
235 79.9948 26.1219 -0.097145
236 77.7587 29.8433 -0.0993256
237 69.6404 30.6944 -0.0848106
238 59.3578 20.9454 -0.0562715
239 47.1336 9.87062 -0.0354343
240 35.9978 2.41426 -0.0341183
241 29.8935 -4.40327 -0.0337166
242 23.0326 -12.209 -0.0351667
243 12.872 -23.1141 -0.0364722
244 -7.33156 -37.294 -0.03705
245 -14.3097 -50.5905 -0.0164993
246 -6.98535 -55.0863 -9.01031e-05
247 -0.510038 -57.1605 0.0134746
248 7.84733 -56.26 0.0204
249 15.992 -52.7865 0.0225488
250 20.4713 -48.0414 0.0246509
251 17.3065 -41.7841 0.0300366
252 2.80846 -36.3603 0.0480238
253 -6.94465 -36.7248 0.0763798
254 -14.8381 -36.1296 0.080438
255 -20.1295 -34.4129 0.0703127
256 -28.4516 -31.345 0.0606683
257 -49.6458 -18.6648 0.0419231
258 -71.3587 -4.04447 0.0191323
259 -87.1565 10.0838 -0.00338613
260 -98.4561 24.7657 -0.0147111
261 -123.353 37.2506 -0.0317982
262 -132.237 46.2412 -0.04583
263 -133.361 47.5889 -0.0423697
264 -125.414 46.9653 -0.0305986
265 -118.262 44.7752 -0.0257189
266 -112.324 42.0274 -0.0204293
267 -112.075 39.4491 -0.0154487
268 -106.642 37.1742 -0.0121623
269 -102.559 34.1737 -0.00888329
270 -96.7675 32.4092 -0.00419598
271 -88.1395 29.2068 -0.000813024
272 -70.637 17.7877 -0.000664321
273 -71.2902 17.802 0.0094638
274 -72.5188 17.502 0.0138298
275 -74.1642 17.021 0.00693899
276 -54.144 4.37768 -0.00147907
277 -41.7255 -4.84196 -0.00467331
278 -26.9848 -14.9466 0.0161578
279 -10.6821 -25.734 0.066577
280 -5.1324 -21.3637 0.0868158
281 -4.45331 -7.101 0.0734808
282 -1.61011 4.88967 0.0504973
283 6.21876 14.4125 0.035242
284 11.46 22.6921 0.0188895
285 14.3585 26.8697 0.00474301
286 12.8933 26.3433 -0.0132576
287 9.81019 23.3621 -0.0270528
288 7.68835 19.7002 -0.0327484
289 6.40712 15.0056 -0.0312411
290 8.96948 6.43956 -0.0109328
291 13.0309 -5.17226 0.0216432
292 17.5388 -19.5233 0.061996
293 25.9813 -35.8607 0.108425
294 28.939 -44.8018 0.117606
295 24.4682 -48.6291 0.107128
296 17.5005 -48.5889 0.0904776
297 8.78691 -46.2064 0.0721869
298 -1.19462 -42.7357 0.054716
299 -8.8155 -38.985 0.0454983
300 -12.6747 -36.7508 0.0521995
301 -15.7993 -32.9145 0.0618363
302 -21.1134 -29.7595 0.0573452
303 -26.4611 -26.1358 0.0455034
304 -30.8623 -17.1771 0.0269387
305 -25.1797 -11.951 0.0271354
306 -15.5942 -14.804 0.0331091
307 -9.19033 -21.7919 0.036479
308 -15.535 -20.9205 0.00539866
309 -28.9192 -16.4685 -0.041489
310 -27.3573 -14.1914 -0.045188
311 -23.7223 -10.152 -0.040472
312 -20.7653 -6.97847 -0.0325192
313 -16.3243 -4.62222 -0.0181365
314 -5.9081 0.557577 -0.0156739
315 9.457 5.01562 -0.0224897
316 22.3311 7.51586 -0.0320793
317 28.9977 12.8209 -0.0492093
318 24.5965 21.1468 -0.0741847
319 15.0884 21.6127 -0.0784452
320 5.99494 25.2089 -0.0949494
321 1.22049 30.2785 -0.110122
322 -1.90178 33.9696 -0.114312
323 -8.54638 36.3084 -0.112662
324 -16.054 41.2506 -0.103963
325 -18.7456 37.6855 -0.0863438
326 -19.1071 31.0991 -0.0666249
327 -20.883 28.2013 -0.0629353
328 -13.8584 24.0427 -0.0567508
329 3.51634 14.9011 -0.0339271
330 -0.932948 14.3751 0.000675734
331 18.6101 6.68368 0.0141839
332 26.6813 3.00025 0.00586529
333 28.5866 -3.92966 0.00520986
334 29.2018 -8.02603 0.00295963
335 31.6289 -9.93442 0.0143986
336 30.8325 -1.70618 0.00561334
337 33.2963 13.524 -0.0198276
338 34.3218 18.7917 -0.0239618
339 31.2596 16.0947 -0.0102228
340 25.0978 14.2862 -0.0013223
341 17.0722 6.92994 0.011158
342 7.8284 2.11362 0.015089
343 1.42184 0.231739 0.0120064
344 -0.114139 -3.87893 0.0230797
345 0.990886 -8.12374 0.0373156
346 1.64999 -7.75114 0.0316365
347 1.66054 -5.36885 0.0191227
348 2.48188 -7.9943 0.0224087
349 5.00003 -9.92271 0.0299469
350 7.88913 -8.96991 0.037337
351 10.5009 -8.42128 0.0424443
352 13.475 -9.48907 0.0418618
353 14.0367 -8.7185 0.0311983
354 18.9178 -6.63459 0.0211519
355 26.5692 -6.71589 0.0170002
356 30.9859 -10.2667 0.0240902
357 35.6465 -13.7929 0.032711
358 37.5068 -10.2562 0.0251674
359 36.4221 -7.92187 0.0265234
360 34.9619 -6.98796 0.0238048
361 34.3096 -6.5966 0.0163234
362 35.3993 -6.28962 0.0142923
363 37.3747 -0.984672 0.011697
364 41.6184 4.51785 0.0207672
365 40.967 13.2309 0.0172811
366 40.6778 25.0274 -0.00339774
367 39.8968 32.4807 -0.0305369
368 40.6912 30.6796 -0.0294392
369 41.3358 19.7007 -0.0150482
370 43.2275 9.50462 -0.00184385
371 47.4145 3.85822 0.0167665
372 49.5239 7.35766 0.0217554
373 47.6822 5.03954 0.0243618
374 45.2183 4.18977 0.0257636
375 38.2874 3.9725 0.0220567
376 36.3312 -5.69471 0.0350913
377 36.6712 -4.67535 0.0429821
378 42.3904 -15.4974 0.0787135
379 45.6924 -10.414 0.0955969
380 31.431 -7.87974 0.0790532
381 17.5306 -8.71197 0.0613277
382 12.6575 -5.7696 0.053762
383 12.9665 -3.53725 0.0515131
384 14.7667 -3.11618 0.0501275
385 17.9258 -3.09568 0.0543554
386 20.2405 -3.14383 0.0578069
387 20.578 -1.8919 0.0552517
388 19.8699 -1.70995 0.0538704
389 19.4686 -1.61191 0.0515366
390 16.771 0.433883 0.0450364
391 -0.684674 6.02519 0.0194338
392 1.09809 6.09952 -0.0234527
393 2.44981 6.14432 -0.0400104
394 3.50859 6.1913 -0.0534291
395 4.299 6.39475 -0.0530463
396 -16.7106 2.50578 -0.0531888
397 -24.2697 -6.14527 -0.0389294
398 -24.1692 -16.2634 -0.0178477
399 -21.2286 -21.5828 0.00408842
400 -30.7864 -15.7189 -0.00234117
401 -53.4549 -8.03655 -0.0136554
402 -52.6734 -7.7784 -0.0282025
403 -51.938 -7.5841 -0.0340236
404 -63.1902 -6.74879 -0.0332207
405 -82.7189 -6.29656 -0.0350514
406 -96.6222 -6.11154 -0.0287117
407 -102.033 -3.87517 -0.0207635
408 -102.138 -1.90593 -0.018994
409 -99.3907 -0.285279 -0.0197676
410 -95.8212 1.02621 -0.0218006
411 -93.354 1.97249 -0.0223142
412 -90.9438 3.6215 -0.0227257
413 -88.5381 3.42361 -0.0184625
414 -86.4114 2.6065 -0.0145394
415 -84.2002 2.02623 -0.0111468
416 -81.0853 0.548792 -0.00275524
417 -76.7231 -2.16697 0.0115038
418 -69.7468 -5.51846 0.0266339
419 -59.7672 -9.21643 0.0303508
420 -44.9741 -8.17992 0.0226454
421 -29.6721 -2.72202 0.00732924
422 -5.14252 0.654792 0.00734857
423 -6.3157 0.576011 0.00751404
424 20.0482 7.5531 -0.00632153
425 39.8386 12.8959 -0.0195034
426 52.126 11.9876 -0.0162708
427 59.7416 6.15733 0.000567306
428 59.8667 -2.2757 0.00584418
429 56.6321 -9.32468 0.0138008
430 50.5802 -12.2634 0.0117232
431 42.3943 -9.83933 -0.000609752
432 34.3766 -5.64366 -0.0115865
433 29.347 -3.07753 -0.0145784
434 25.0708 -2.15146 -0.0136857
435 20.6033 -0.850339 -0.0152269
436 16.4388 -0.593303 -0.0143206
437 13.5595 -0.757395 -0.011165
438 11.3762 -1.19334 -0.00831104
439 8.13481 -0.967368 -0.00863059
440 3.93277 -0.141303 -0.010607
441 -0.186878 -0.434517 -0.0106995
442 -3.85731 -0.729816 -0.0115328
443 -7.35309 -1.29373 -0.0124979
444 -9.54148 -1.14453 -0.0135821
445 -11.9593 0.609881 -0.0164175
446 -13.6696 3.44245 -0.0188827
447 -17.8189 5.50039 -0.0220538
448 -23.3564 7.08706 -0.0273926
449 -26.6046 8.10402 -0.0326046
450 -29.0655 8.97407 -0.0376713
451 -32.6617 11.2481 -0.0419333
452 -34.7426 13.6464 -0.0423131
453 -30.7084 12.6757 -0.0433204
454 -20.9219 8.82129 -0.0417729
455 -3.64065 6.67689 -0.0416876
456 15.3185 4.24378 -0.0351803
457 31.7722 -0.0952329 -0.020667
458 43.9428 -3.66266 -0.00389487
459 50.7414 -6.7376 0.0305977
460 48.5967 -9.95715 0.0527727
461 42.79 -12.2158 0.0651738
462 34.6203 -13.1915 0.0612036
463 28.2419 -10.5 0.0380415
464 26.292 -6.7087 0.0139621
465 25.4964 -2.19733 -0.00532933
466 21.7171 4.15626 -0.0257033
467 16.4527 6.58749 -0.0290709
468 10.4005 6.71987 -0.022536
469 4.20519 6.7702 -0.0113579
470 -1.08187 6.20993 0.00815621
471 -4.81708 5.00598 0.0232914
472 -8.26024 7.79365 0.0302318
473 -12.9544 10.578 0.033428
474 -17.1685 11.9352 0.0230831
475 -18.6124 13.5369 0.00761192
476 -15.4002 13.3773 -0.00502889
477 -8.57416 10.5794 -0.00931603
478 -2.15944 8.27306 -0.0115003
479 3.48315 5.7352 -0.00974849
480 4.97485 4.38747 -0.0125598
481 1.60115 6.30234 -0.0272963
482 -4.05099 8.65289 -0.047078
483 -8.3636 9.22099 -0.0592667
484 -11.1262 8.80106 -0.0635475
485 -10.5957 7.31041 -0.0589848
486 -8.21548 5.21985 -0.0501327
487 -3.66357 3.53087 -0.0389186
488 0.178635 1.57829 -0.0277229
489 5.40883 -1.9716 -0.011849
490 11.2595 -5.99319 0.00382378
491 18.3857 -9.87289 0.0206814
492 22.5932 -14.1189 0.0328241
493 27.0836 -16.6974 0.0420646
494 30.6718 -18.8609 0.048892
495 34.3027 -20.8257 0.0564058
496 37.1586 -22.7513 0.0636975
497 39.2314 -23.1078 0.0676802
498 40.785 -21.3533 0.0685009
499 41.6732 -18.9487 0.067304
500 42.0359 -17.4219 0.0678704
