0 3.79795e-14 -9.7602e-14 3.2435e-16
1 -0.0081015 0.0312144 -0.000434438
2 0.244585 0.423897 -0.000428957
3 -0.0293129 0.295977 -0.000965001
4 0.400411 0.371991 -0.000667496
5 0.0877048 0.309211 -0.000727016
6 -0.392087 0.127001 -0.00160128
7 0.0577012 -0.0630337 -0.00049826
8 0.353519 -0.0552524 0.000967377
9 -0.038231 -0.0382543 -0.000474209
10 0.543501 0.0252001 0.00111187
11 0.411835 0.23371 0.000272519
12 -0.465607 -0.0856861 -0.000496431
13 -0.15583 -0.0625173 0.000253914
14 -0.396338 -0.0787982 -0.00023992
15 -0.645045 -0.637833 0.000868015
16 -0.903792 -0.13597 -0.00162938
17 -1.13516 -0.350447 -0.00225612
18 -1.58173 -0.236791 -0.00434815
19 -1.60194 -0.384082 -0.00463121
20 -1.0268 0.0469163 -0.00399997
21 -0.881763 0.0868738 -0.00256262
22 -0.84656 -0.0325137 -0.00215626
23 -0.17518 -0.316541 -0.00157985
24 0.341174 0.261258 -0.00170449
25 -1.07349 1.03562 -0.00454749
26 -2.8385 1.7279 -0.00724351
27 0.80976 0.837397 -0.00857973
28 -1.56947 -1.75726 -0.00212194
29 -1.38891 -2.18808 -0.00222217
30 -2.12929 -0.971772 -0.00234222
31 0.383526 0.309483 -0.000902706
32 -0.270547 -0.200592 -0.000615947
33 -0.729067 -0.117065 -0.0015126
34 -0.720194 -0.288034 -0.000647442
35 -0.0822957 -0.225703 -0.000453098
36 0.577011 -1.1426 0.00385662
37 0.765775 -2.56459 0.00759364
38 -0.407546 -3.67157 0.0114061
39 1.19285 -8.95585 0.0316526
40 3.16816 -14.8505 0.0477393
41 1.98547 -12.412 0.0269854
42 2.78993 -11.3003 0.0323075
43 5.63833 -11.1265 0.0369746
44 3.01299 -11.9817 0.0344207
45 6.19127 -10.7736 0.0237704
46 5.59721 -5.96991 0.00446599
47 0.207305 -0.998327 -0.00929502
48 -7.68759 1.4459 -0.0098616
49 2.75789 -11.7542 0.0457101
50 2.49377 -4.47 0.0180623
51 1.12816 -0.917895 -0.00141359
52 -2.48345 -1.77794 -0.00276487
53 -0.345508 -1.76081 0.00246132
54 -0.604665 -1.10086 0.000201469
55 0.945199 -0.981599 0.00155837
56 4.0039 -2.04842 0.0088293
57 4.34698 -1.92127 0.00944342
58 -1.3565 -0.447439 2.4632e-05
59 -4.54076 -1.02353 -0.00205433
60 -1.85915 -1.19528 0.00017197
61 0.479025 -0.434624 0.00218179
62 0.890191 -0.723736 0.00301209
63 0.684372 -0.303911 0.00145344
64 -1.26211 -0.0270879 -0.0017998
65 -2.98587 -0.225134 -0.00252137
66 -1.43253 -0.526337 -8.28515e-05
67 2.50523 -0.47058 0.00354964
68 10.8732 -1.29771 0.0174321
69 29.1081 -5.70553 0.0429378
70 72.6802 -14.0609 0.0933309
71 75.6418 -14.9258 0.0626301
72 41.8727 -15.932 0.0453426
73 26.7418 -4.94249 -0.0192492
74 17.7462 -0.958042 -0.0270697
75 23.5097 -18.8575 0.0155143
76 37.8522 -48.5409 0.0822254
77 46.5819 -45.9726 0.115179
78 34.1521 -5.18093 0.0402517
79 29.6611 -10.6308 0.0442448
80 24.488 7.05323 0.0312096
81 11.6931 7.62253 0.0508953
82 18.1316 3.77243 0.0551385
83 31.564 -16.2649 0.0833479
84 39.5148 -31.9942 0.0871092
85 37.6988 -37.2172 0.0764603
86 14.5329 -22.4561 0.0337927
87 14.3472 -9.9484 0.0289377
88 10.3841 -8.13172 0.0216549
89 5.9563 -10.0104 0.0192577
90 14.1228 -2.96896 0.0144229
91 16.0771 10.0747 0.00233622
92 15.36 -1.34359 0.0314381
93 17.3764 -1.35231 0.0372152
94 26.2585 4.81808 0.0500403
95 18.8958 23.0104 0.0193761
96 4.84118 34.5421 -0.0216599
97 -11.1526 40.9435 -0.0725744
98 -10.4651 29.1074 -0.0560096
99 -9.71854 7.49317 -0.0250815
100 -7.10128 7.05134 -0.00742857
101 -6.13611 19.6453 -0.0193378
102 -4.20967 11.1796 -0.0086347
103 0.283625 5.32612 -0.00576236
104 -3.08947 4.97273 -0.0192002
105 -0.924366 2.55737 -0.0135198
106 1.53886 0.975286 -0.000884796
107 2.37523 3.18564 0.00229479
108 2.33358 8.03568 -0.00210886
109 -0.783846 12.1105 -0.0120825
110 1.60061 7.63869 -0.0041321
111 1.66231 5.65165 -0.00746333
112 -1.15458 -10.8128 0.00416999
113 7.67832 -6.2141 0.0116281
114 0.616915 1.89769 -0.0192736
115 3.57632 2.28331 -0.00768181
116 6.24006 2.67587 0.00432711
117 6.59677 0.851022 0.00892571
118 7.35533 -3.26952 0.0137042
119 7.07202 0.938596 -0.0127184
120 12.8399 3.42077 -0.0178817
121 1.64505 1.78078 -0.00419873
122 0.332121 0.159913 0.00593336
123 5.99603 0.98444 -0.0102565
124 3.95208 1.71533 0.000199227
125 -3.07425 0.8024 0.00460706
126 -2.92001 -1.23765 0.0033657
127 -2.88249 -0.760248 0.000317224
128 -1.74716 0.325584 -0.00453265
129 0.69543 5.76943 -0.0081297
130 0.647389 -0.450979 0.0158158
131 -3.54314 -0.591084 0.0166578
132 -9.1916 0.818598 0.00534035
133 -22.3115 6.22688 -0.0260304
134 -27.4518 5.4517 -0.028894
135 -20.5801 5.01776 -0.00953304
136 -20.7257 2.43549 -0.00557358
137 -17.2311 -1.86549 0.00746886
138 -10.946 -3.19763 0.017258
139 -9.20795 1.27042 0.00872434
140 -18.6738 10.5502 -0.0137356
141 -28.2187 8.66919 -0.017051
142 -25.3831 10.5921 -0.013421
143 -20.1083 11.9267 -0.0192226
144 -19.53 10.0603 -0.0255913
145 -11.4984 5.1197 -0.0132096
146 -9.34811 2.30445 -0.0132918
147 -7.94048 3.89147 -0.0231576
148 -7.31242 0.789887 -0.0173967
149 -5.48798 -3.25648 -0.00655495
150 -5.09108 -5.28292 -0.00592203
151 -6.42707 -1.18137 -0.0174453
152 -6.3786 1.91922 -0.0217713
153 -3.72363 2.28404 -0.0141428
154 0.443568 1.38066 -0.00199237
155 1.51426 -3.06189 0.00978491
156 -0.568829 -2.88845 0.00926972
157 0.87145 -1.47265 0.011184
158 8.03206 -2.66011 0.0199282
159 18.5565 -3.4222 0.0333755
160 18.9464 -3.84923 0.0478675
161 5.56 -2.32008 0.0280501
162 -0.822401 -2.66394 0.00405776
163 -1.25935 -4.88389 -0.00161863
164 0.447557 -2.72123 -2.09781e-05
165 -1.70624 0.761308 -0.00207856
166 -2.167 2.63522 -0.00399058
167 -0.910504 3.31577 -0.00555534
168 -2.59818 2.54009 -0.00728195
169 -4.3866 2.94616 -0.0128517
170 -11.8011 8.64982 -0.0350824
171 -10.2567 5.69274 -0.0251084
172 -8.11312 3.33849 -0.0169651
173 -5.15019 -0.977904 -0.00127509
174 -3.44946 -4.40914 0.0133641
175 -4.00195 -5.32336 0.0190466
176 -4.19982 -1.8011 0.00998337
177 -0.659625 0.6844 0.00116097
178 1.94712 1.43116 -0.00254344
179 2.04538 2.30248 -0.00331569
180 3.85323 4.0153 -0.00189389
181 6.11881 2.30541 0.00780397
182 3.32571 1.02909 0.00825944
183 0.299975 2.73907 -0.000341348
184 -5.08933 8.68264 -0.0277198
185 -1.12691 8.50297 -0.025859
186 2.70512 3.90772 -0.00913109
187 0.773431 -1.1331 0.00260639
188 -1.41233 -0.224334 -0.00544095
189 -0.769549 1.14069 -0.0150787
190 1.4026 -0.382444 -0.0155766
191 12.057 -5.47626 0.00154207
192 25.4841 6.00787 -0.0184188
193 29.3607 9.10788 -0.0303275
194 29.5353 8.02808 -0.0208692
195 30.216 0.473817 0.0118766
196 35.1968 -10.4421 0.0565225
197 32.3941 -14.2847 0.0580906
198 26.1663 -7.49778 0.0219379
199 25.8372 -7.4213 0.00808236
200 39.2107 -14.9959 0.0244307
201 43.3789 -20.067 -0.00478153
202 52.8053 -18.1173 0.0265894
203 38.0228 -8.15234 -0.0115428
204 17.8131 -0.174545 -0.0423663
205 12.6967 3.9879 -0.0376061
206 13.961 -0.495948 0.000982153
207 11.6182 -0.347413 0.0133119
208 -2.37782 -3.69355 0.0117537
209 -10.9347 -6.6872 0.0165906
210 -2.66132 -5.75631 0.0344376
211 -2.85145 -7.94592 0.0290064
212 -6.30136 -9.50198 0.0270603
213 -15.5439 -10.4655 0.0243598
214 -18.4388 -13.8512 0.0247946
215 -11.236 0.943787 -0.00718581
216 -1.01804 0.174544 -9.06859e-05
217 3.30138 4.91084 -0.00654443
218 -1.2185 2.15191 0.00260485
219 0.0114914 -1.2562 0.0127475
220 0.0028859 3.07685 -0.00259027
221 -0.149456 2.48765 -0.00140251
222 1.57957 2.23196 -0.00160279
223 1.43466 -0.459434 0.000320871
224 1.44731 -0.358035 -0.00544422
225 4.90986 -1.362 -5.99931e-05
226 3.73662 -2.08899 0.00727391
227 -1.94026 -4.1632 0.0095414
228 -4.16531 -2.27944 0.00162441
229 -3.18269 -2.00241 0.00259536
230 -1.12041 -1.91946 0.00179264
231 0.17724 -1.34845 0.00337949
232 1.75577 -0.679511 0.000919827
233 3.92687 -1.09513 -0.00204989
234 6.15981 -4.82769 0.00151691
235 11.7528 -1.9687 -0.0146891
236 13.6245 8.70234 -0.0288526
237 15.2794 10.0735 -0.0215175
238 14.0846 6.57648 -0.00231476
239 8.93865 6.23992 -0.00174198
240 9.73892 7.32249 -0.000682785
241 13.0854 10.5521 -0.00143604
242 23.2317 13.9827 -0.0025512
243 9.90373 13.4705 -0.0239933
244 -4.32793 5.03944 -0.0202454
245 -3.56054 2.75777 -0.0176479
246 -5.71757 -0.053187 -0.011854
247 -5.67612 -2.78853 -0.00732152
248 -2.03167 -4.33881 -0.00711792
249 5.52907 -6.0356 -0.0102507
250 16.6902 -5.41863 -0.0225688
251 11.81 0.182146 -0.0326519
252 9.8186 -0.893481 -0.00810086
253 7.15293 -2.01031 0.00636999
254 10.1402 -3.3167 0.00620404
255 22.8915 -12.8529 0.0153942
256 23.2914 -14.6852 0.0192897
257 17.2842 -13.9853 0.0185238
258 12.6986 -14.31 0.0067633
259 26.1825 -11.8422 0.0118123
260 9.96001 -8.04744 0.00795807
261 2.05818 -0.234422 -0.00974842
262 -7.05693 1.81286 -0.0179134
263 -6.29944 3.39839 -0.0107246
264 -5.13558 3.99787 -0.0108678
265 0.429024 3.80664 -0.0100443
266 -4.94863 3.30118 -0.007746
267 -3.88501 3.82826 -0.00751717
268 -5.87402 2.4248 -0.00906274
269 -8.86728 3.71037 -0.00767232
270 -17.9126 11.7503 -0.0042448
271 -34.735 16.9299 -0.0139094
272 -41.5189 13.7702 -0.00812045
273 -34.0581 13.6266 0.00342558
274 -21.7943 12.1834 0.00522387
275 -14.1209 8.68732 0.000795118
276 -16.215 9.48509 -0.0222601
277 -17.7917 10.1644 -0.0516585
278 -7.1449 -4.99506 -0.0214346
279 -2.49101 -14.8433 0.0121754
280 -5.0767 -12.5199 0.0219495
281 -10.5006 -10.1352 0.0146986
282 -8.39872 -8.94437 0.0160203
283 -6.45694 -4.8449 0.0138446
284 -2.44205 -0.167572 0.01785
285 -1.20087 2.367 0.0137693
286 -2.46207 3.28517 0.00538876
287 -3.50997 4.49027 -0.00187869
288 -7.5551 8.51272 -0.020565
289 -9.50172 11.6876 -0.0329679
290 -10.0699 14.5113 -0.040898
291 -13.9829 16.4091 -0.0469501
292 -8.40716 9.03024 -0.00969447
293 -0.940456 3.9585 0.00981198
294 1.59722 0.0627455 0.0160928
295 3.14733 -2.28387 0.0177828
296 4.13782 -3.28541 0.0167006
297 1.84085 -3.62814 0.00799223
298 -2.2172 -2.03292 -0.00800695
299 -3.01138 -3.64378 -0.010688
300 -0.632857 -3.05028 0.00350759
301 -0.681946 -3.46064 0.0111069
302 -1.73705 -8.7748 0.0177653
303 -11.872 -5.18989 -0.000909505
304 -15.5188 2.42597 -0.00635567
305 -12.1833 6.32198 -0.00370985
306 0.818218 -1.65437 0.0308512
307 8.18851 -5.37538 0.0473247
308 -6.56859 -3.00073 0.00424817
309 -8.50607 -4.44211 -0.00446362
310 -7.69275 -3.34039 -0.00803845
311 -9.02597 -2.28838 -0.0149172
312 -14.9216 -4.89073 -0.0035241
313 -19.8101 -4.0903 0.00558558
314 -17.3118 -2.15914 0.00822368
315 -11.1308 -4.94921 0.0154261
316 -0.0932898 -7.98248 0.0230055
317 4.99745 -0.200529 0.00214776
318 4.63953 -3.46773 0.0145914
319 0.404168 -5.10303 0.013756
320 -1.11593 -3.96225 0.00356757
321 2.53083 -2.89859 -0.00138909
322 3.38207 -5.63501 -0.00825731
323 -1.51353 2.87741 -0.0174938
324 -3.96688 5.96668 -0.0200364
325 -2.65164 2.26776 -0.00420935
326 -11.5119 3.5515 -0.00702609
327 -21.8729 8.58475 -0.0237605
328 -31.1069 14.4225 -0.0352787
329 -23.9556 7.22336 -0.0139655
330 -12.4989 3.1798 0.00786081
331 -6.38309 6.39329 -0.000118514
332 -5.03804 3.56208 0.00126071
333 -6.63159 1.27205 -0.0120619
334 -3.12029 -9.01302 0.00871208
335 -6.17257 -16.0724 0.0254048
336 -4.73398 -5.88819 0.00335709
337 -0.781757 2.34399 -0.0155011
338 2.38566 1.60749 -0.0110213
339 4.38136 7.17959 -0.0145899
340 5.78541 4.74074 -0.00593169
341 3.17174 1.86482 0.00132795
342 -1.30059 4.18314 -0.0126815
343 -3.54245 4.548 -0.0161236
344 -2.77531 -0.0456111 0.00355056
345 -1.99492 -1.79302 0.00957318
346 -2.81494 3.26494 -0.00684967
347 -4.31601 2.53212 -0.0108313
348 -4.49086 -0.276629 -0.0105939
349 -4.09558 0.164486 -0.00837448
350 -4.4 1.811 -0.00267047
351 -2.01305 0.0154357 0.00748988
352 -6.39256 -1.20356 0.00697081
353 -9.1285 0.917098 0.00133787
354 -5.78724 4.26978 -0.00950213
355 -5.93116 4.20842 -0.0109117
356 -2.89473 -2.91102 0.00543943
357 0.489152 -1.88073 -0.00292658
358 1.17974 -0.570806 0.00218199
359 0.764624 -0.146671 0.00791233
360 -0.772528 -0.114417 0.00264344
361 -1.55355 -5.21719 0.00347424
362 -3.73926 -5.47316 -0.0081753
363 1.61874 -8.63285 0.0046139
364 1.43998 -11.4148 0.0214543
365 2.03969 -6.62927 0.0271753
366 0.502616 2.81947 -0.00144918
367 0.832137 11.8697 -0.014349
368 -0.0701488 10.9387 -0.0127547
369 -2.43735 6.27134 -0.0176395
370 -0.454621 -2.95222 -0.00378163
371 3.63998 2.82352 -0.00138967
372 4.61223 1.2813 9.56826e-05
373 9.37226 0.570648 0.00541017
374 4.5377 9.98436 -0.0114733
375 2.2825 -0.708468 -0.00645971
376 -3.08857 11.0505 -0.0341149
377 -0.656638 -4.91946 -0.0150008
378 16.938 -2.38324 0.0186583
379 16.6006 0.952606 0.0200315
380 7.60114 -2.84891 0.00989236
381 2.41165 -2.12669 0.00443483
382 0.983197 -0.287935 0.00344941
383 -0.283109 0.119404 -0.00227425
384 0.578683 0.16 -0.00152626
385 2.53171 -1.15705 0.00446174
386 3.45309 0.0180297 0.00318854
387 2.8867 0.11239 0.00436515
388 4.89846 -1.91805 0.00878947
389 19.2257 -5.51886 0.027793
390 41.3976 -11.3528 0.0450566
391 45.8982 -3.60388 0.0189191
392 44.6899 1.03887 0.0161493
393 32.5126 2.66121 0.00223399
394 21.6054 4.37365 0.00214508
395 8.07078 9.37904 -0.0127793
396 0.408142 10.9112 -0.0196994
397 -2.39574 5.96377 -0.0202814
398 10.1839 -5.4385 0.00849564
399 23.4131 -7.42908 0.0138507
400 32.4763 -5.90238 0.0171997
401 33.1728 -2.0348 0.00849119
402 11.9237 -0.687209 0.00190393
403 20.0502 -0.322064 0.00444857
404 14.3325 -0.219516 -0.00357194
405 5.77431 -2.25513 -0.00511153
406 0.509614 -2.17513 0.00163443
407 -2.32462 -1.76103 0.00445307
408 -3.41662 -1.41002 0.00540234
409 -2.58443 -1.0579 0.00356058
410 -2.65161 -1.70741 0.0033077
411 -2.70672 0.168565 -0.00142224
412 -2.46076 0.760351 -0.00108908
413 -2.57046 0.472171 -0.000475212
414 -3.47436 1.33 -0.00538831
415 -4.73102 2.55821 -0.0112298
416 -7.40508 3.17339 -0.0120557
417 -10.4675 3.50009 -0.000618082
418 -15.349 -1.24292 0.0107429
419 -16.1781 -5.61495 0.0179198
420 -25.5106 -3.51955 0.00187794
421 -32.694 -4.16037 0.00140637
422 -27.8471 -7.01788 0.0151447
423 -21.6086 -5.34067 0.0143485
424 -14.7519 0.912001 -0.0023372
425 -10.4349 5.73949 -0.0160094
426 -3.08703 8.21386 -0.00469391
427 0.319692 6.78512 -0.00741287
428 3.03562 2.80315 0.0022643
429 4.88736 -2.41809 0.0123377
430 4.78977 -4.22864 0.0110566
431 1.79864 -2.65528 0.00330252
432 0.82661 -1.07094 -0.000324933
433 0.714271 -1.53759 0.0023408
434 0.225434 -0.522839 -2.21801e-05
435 -1.09225 -0.0606132 -0.00232333
436 -1.73241 0.252151 -0.00226063
437 -0.587144 -0.365415 0.000489874
438 0.47123 -0.922227 0.00180435
439 0.467411 0.169094 -0.000257714
440 0.117679 0.153823 0.000370166
441 0.0351601 0.397832 0.000687809
442 -1.23 -0.352996 0.00107048
443 -1.03309 -1.9614 0.00302741
444 -1.81866 -3.01281 0.00280518
445 0.568282 -2.23897 0.00371811
446 1.96008 -1.77427 0.00603938
447 -0.208272 -1.23548 0.00595096
448 -0.716045 -1.09427 0.00585112
449 0.748643 -2.43837 0.00505546
450 -0.305171 -2.50789 0.00131929
451 -6.39953 0.87336 0.00197032
452 -11.7228 3.9011 -0.000932267
453 -18.9146 2.31687 0.000126107
454 -20.4315 2.62075 -0.00646045
455 -17.8192 4.46575 -0.0144013
456 -13.5694 3.61772 -0.016844
457 -8.29664 3.07866 -0.0346916
458 0.480278 3.23861 -0.0226733
459 3.99085 2.38403 -0.013287
460 6.19742 1.21058 0.00275658
461 4.31328 -2.37828 0.0217778
462 -0.192282 -3.42714 0.0225643
463 -1.41015 -4.08645 0.0175961
464 1.52913 -5.90905 0.0185892
465 2.99766 -2.00907 0.00158567
466 3.78762 0.251791 -0.00827673
467 3.92041 0.32023 -0.0129436
468 2.99268 0.944799 -0.021348
469 2.54338 1.22995 -0.0154825
470 2.20892 -2.76341 -0.00730577
471 3.41673 -2.76613 -0.00358608
472 2.91349 -1.33214 0.0099226
473 0.115248 -1.54069 0.0149797
474 -4.55608 0.277588 0.0120805
475 -8.23022 2.96178 0.00363722
476 -7.90888 2.50979 0.00139589
477 -7.19021 2.77293 -0.00268501
478 -3.08597 1.61347 0.00172677
479 1.70068 -1.58973 0.0135076
480 3.91707 -1.96096 0.0184756
481 2.63857 -0.180468 0.0107872
482 1.26671 0.741049 0.0028394
483 -1.68019 1.77537 -0.00606938
484 -3.12698 2.32969 -0.0102823
485 -4.92765 1.83749 -0.012382
486 -3.91985 2.02387 -0.0120262
487 -5.11399 3.55127 -0.0159179
488 -5.74048 3.94404 -0.0151659
489 -7.11032 3.73867 -0.0159932
490 -4.34974 4.06676 -0.0113047
491 -4.75364 2.45228 -0.00893148
492 -3.86043 2.12322 -0.00711158
493 -3.87901 2.03572 -0.00830251
494 -3.16197 2.16942 -0.00865654
495 -2.48503 0.673698 -0.00547454
496 -2.1056 -1.4257 -0.00215207
497 -1.59718 -2.06522 0.000186742
498 -1.21391 -1.19597 -0.000953045
499 -0.720239 -0.0698392 -0.00237138
