1 -3.67923 0.754636 -0.0157596
2 -4.0533 0.691329 -0.0170136
3 -4.41289 0.62578 -0.0182102
4 -4.77278 0.560644 -0.019381
5 -5.13268 0.491001 -0.0205033
6 -5.47487 0.418957 -0.0215759
7 -5.78297 0.319926 -0.0224863
8 -6.0547 0.158619 -0.0231489
9 -6.32295 -0.0885597 -0.0234851
10 -6.54796 -0.547275 -0.0230131
11 -6.68472 -1.34582 -0.0213998
12 -6.7677 -2.40187 -0.0192208
13 -6.78194 -3.67159 -0.0163919
14 -6.66738 -5.13647 -0.0128512
15 -6.49096 -6.80251 -0.0087029
16 -6.18762 -8.63032 -0.00421826
17 -5.7781 -10.5074 0.000170565
18 -5.38132 -12.327 0.00418288
19 -5.15763 -14.0429 0.00783016
20 -4.88773 -15.9252 0.0122458
21 -4.57951 -17.8213 0.0168424
22 -4.26145 -19.6622 0.021235
23 -4.00226 -21.4671 0.0254097
24 -3.75906 -23.2378 0.0294753
25 -3.5357 -24.9642 0.0333968
26 -3.30343 -26.6464 0.0372061
27 -3.00907 -28.3055 0.0410366
28 -2.64992 -29.9405 0.0448978
29 -2.32593 -31.5277 0.0486285
30 -2.08842 -33.079 0.0522007
31 -1.88918 -34.5991 0.0556586
32 -1.71631 -36.6686 0.0600079
33 -1.52873 -38.7504 0.0644138
34 -1.33393 -40.8442 0.0688505
35 -1.15934 -42.9433 0.0732736
36 -1.04027 -45.0522 0.0776662
37 -0.946114 -47.1747 0.0820695
38 -0.804464 -49.3071 0.0865571
39 -0.485512 -51.4597 0.0913387
40 0.304827 -53.7049 0.0968084
41 1.09579 -55.9495 0.103816
42 1.87785 -58.1946 0.111832
43 2.65315 -60.4434 0.120586
44 3.87448 -62.7719 0.129034
45 5.38928 -65.115 0.137033
46 6.91058 -67.4569 0.145291
47 8.44246 -69.7883 0.154882
48 9.98915 -72.1175 0.166389
49 11.5545 -74.4409 0.178592
50 13.1457 -76.7604 0.191592
51 15.1646 -78.958 0.205179
52 17.3921 -81.0315 0.219666
53 19.9312 -83.0445 0.235099
54 22.4843 -85.057 0.251934
55 25.0402 -87.0643 0.270223
56 27.5905 -89.0758 0.289793
57 30.3966 -91.4725 0.309992
58 33.4845 -94.0606 0.330784
59 36.7294 -96.7957 0.352071
60 40.0976 -99.6662 0.373709
61 43.7201 -102.549 0.39562
62 47.641 -105.252 0.417608
63 51.8075 -107.981 0.440125
64 56.2633 -110.729 0.463263
65 61.1615 -113.396 0.487246
66 66.3813 -115.681 0.511557
67 71.6024 -117.963 0.535521
68 76.8141 -120.226 0.558232
69 82.0132 -122.447 0.5799
70 87.0596 -124.484 0.60097
71 91.9701 -126.26 0.621399
72 96.7281 -127.47 0.640728
73 101.385 -128.293 0.659474
74 106 -128.843 0.677595
75 110.472 -129.13 0.694796
76 114.88 -129.178 0.711211
77 119.211 -129.034 0.727221
78 123.49 -128.739 0.743196
79 127.803 -128.297 0.759289
80 132.23 -127.68 0.775345
81 136.638 -126.744 0.790584
82 141.032 -125.643 0.805405
83 145.388 -124.704 0.820317
84 149.911 -123.838 0.835466
85 154.45 -122.912 0.850258
86 159.058 -121.93 0.86492
87 163.752 -120.888 0.879628
88 168.489 -119.799 0.894338
89 173.275 -118.732 0.909118
90 178.2 -117.642 0.923688
91 183.409 -116.479 0.937999
92 188.676 -115.268 0.952239
93 193.94 -114.047 0.96654
94 199.288 -112.798 0.980623
95 204.689 -111.515 0.994686
96 210.061 -110.219 1.00885
97 215.434 -108.94 1.02312
98 220.783 -107.665 1.03739
99 226.063 -106.376 1.05153
100 231.175 -104.972 1.06525
101 235.821 -103.481 1.07852
102 240.409 -102 1.09054
103 244.847 -100.506 1.10162
104 248.918 -98.9097 1.11153
105 252.101 -97.143 1.12128
106 254.656 -95.2783 1.13132
107 256.871 -93.3736 1.14101
108 258.804 -91.4996 1.14948
109 260.557 -89.678 1.15634
110 262.159 -87.8355 1.16268
111 263.455 -85.8201 1.16808
112 263.887 -83.7782 1.17268
113 263.711 -81.6877 1.17623
114 262.908 -79.4634 1.17856
115 261.785 -77.0742 1.1791
116 260.474 -74.6011 1.178
117 259.009 -72.0902 1.17543
118 257.176 -69.1474 1.17192
119 254.988 -66.0286 1.16766
120 252.54 -62.8298 1.16293
121 249.91 -59.5535 1.15779
122 246.944 -56.248 1.15213
123 243.61 -53.0761 1.14607
124 239.962 -49.8447 1.13926
125 236.038 -46.5686 1.13182
126 231.707 -43.4216 1.12371
127 227.057 -40.6992 1.11543
128 222.422 -38.001 1.1077
129 217.918 -35.3463 1.10148
130 213.719 -32.7478 1.09673
131 209.99 -30.3352 1.09317
132 206.468 -28.0762 1.09019
133 203.033 -26.1829 1.0876
134 199.646 -24.553 1.08512
135 196.262 -23.055 1.08274
136 192.901 -21.6261 1.08064
137 189.52 -20.1958 1.07869
138 186.098 -18.7272 1.07667
139 182.595 -17.2692 1.07449
140 178.982 -15.8947 1.07213
141 175.188 -14.5768 1.0694
142 171.199 -13.2909 1.06632
143 167.051 -12.0428 1.06309
144 162.837 -10.6336 1.05977
145 158.44 -9.19474 1.05647
146 153.968 -7.87428 1.05381
147 149.368 -6.62077 1.05143
148 144.655 -5.39991 1.049
149 139.866 -4.16954 1.04639
150 134.99 -2.84782 1.04349
151 130.061 -1.47567 1.04077
152 125.022 -0.121803 1.03848
153 120.011 1.21974 1.03639
154 114.999 2.60357 1.03419
155 109.805 4.1136 1.03171
156 104.528 5.73489 1.0288
157 99.346 7.4071 1.02567
158 94.2243 9.08102 1.02252
159 89.1267 10.7637 1.01928
160 84.0451 12.4598 1.01587
161 78.9751 14.055 1.01233
162 74.0921 15.5678 1.00856
163 69.6851 17.1889 1.00422
164 65.4286 18.7965 0.99929
165 61.538 20.302 0.994446
166 58.0974 21.7181 0.99027
167 54.9942 23.052 0.987176
168 52.2307 24.346 0.985127
169 50.1787 25.5476 0.983314
170 48.7296 26.68 0.981352
171 47.4315 27.7915 0.979646
172 46.4396 28.7301 0.978088
173 45.9102 29.5266 0.977245
174 45.797 30.1495 0.976432
175 46.3054 30.5739 0.97524
176 47.3422 30.8989 0.973852
177 48.7963 31.1317 0.972696
178 50.5941 31.3211 0.971976
179 52.4831 31.3861 0.971828
180 54.3127 31.3286 0.972238
181 56.1887 31.2301 0.973319
182 58.1013 31.0879 0.974973
183 60.0161 30.8093 0.977357
184 61.7806 30.3277 0.980497
185 63.3038 29.5816 0.984275
186 64.6356 28.8284 0.987969
187 65.9259 28.1281 0.9915
188 67.2796 27.5558 0.994772
189 68.599 27.0428 0.997903
190 69.787 26.5529 1.00092
191 70.6708 26.1695 1.00334
192 71.2416 25.89 1.00496
193 71.7471 25.6851 1.00609
194 72.2896 25.5164 1.00716
195 72.8765 25.4218 1.00816
196 73.5366 25.3496 1.00917
197 74.2858 25.2306 1.01033
198 75.0388 25.0001 1.01171
199 75.7384 24.678 1.01321
200 76.4285 24.2813 1.01487
201 77.1721 23.8049 1.01677
202 78.112 23.1646 1.0193
203 79.2489 22.4199 1.02226
204 80.5832 21.6024 1.02546
205 82.1028 20.7219 1.02871
206 83.8717 19.8813 1.03149
207 85.9295 19.2707 1.0335
208 88.3067 18.8547 1.03498
209 90.9256 18.5354 1.03641
210 93.6591 18.2948 1.03786
211 96.5187 18.1366 1.03934
212 99.5297 18.0855 1.04084
213 102.821 18.2259 1.04216
214 106.221 18.5702 1.04295
215 109.544 18.9522 1.04342
216 112.893 19.2371 1.04406
217 116.166 19.3817 1.04492
218 119.302 19.4166 1.04581
219 122.392 19.3989 1.04655
220 125.595 19.2859 1.0472
221 129.085 19.0654 1.04773
222 132.746 18.8542 1.04798
223 136.37 18.7181 1.04808
224 139.693 18.4505 1.04858
225 143.182 18.1286 1.04968
226 147.047 17.596 1.05137
227 151.294 16.8226 1.05319
228 155.824 15.82 1.05438
229 160.562 14.5827 1.05473
230 165.301 13.2743 1.05491
231 169.779 11.9556 1.0551
232 174.291 10.633 1.05472
233 178.687 9.34017 1.05413
234 182.98 8.10304 1.05292
235 187.189 6.93145 1.05173
236 191.112 5.82513 1.05106
237 194.747 4.70755 1.05089
238 198.089 3.66085 1.05058
239 201.144 2.65961 1.0499
240 204.093 1.77974 1.0489
241 206.927 1.20212 1.04756
242 209.805 0.718868 1.04542
243 212.73 0.365878 1.04268
244 215.758 0.168659 1.03955
245 218.684 0.342731 1.03611
246 221.68 0.886288 1.03227
247 224.595 1.56987 1.02819
248 227.235 2.41721 1.02326
249 229.703 3.10216 1.01809
250 232.151 3.50851 1.01307
251 234.515 3.7302 1.00821
252 236.707 3.7353 1.00363
253 238.764 3.55299 0.999331
254 240.689 3.25467 0.995289
255 242.551 2.96113 0.991533
256 244.369 2.71227 0.988093
257 246.066 2.53959 0.984742
258 247.645 2.47476 0.981241
259 249.131 2.61774 0.977246
260 250.53 2.98968 0.972685
261 251.816 3.63234 0.96741
262 252.891 4.57547 0.961336
263 253.826 5.68874 0.955048
264 254.716 6.87805 0.948906
265 255.568 8.08633 0.943061
266 256.371 9.33632 0.937483
267 257.049 10.5647 0.932419
268 257.533 11.591 0.927959
269 257.731 12.4188 0.923721
270 257.649 13.079 0.919346
271 257.409 13.587 0.915056
272 256.999 13.9182 0.91096
273 256.346 13.9325 0.907179
274 255.117 13.6326 0.903425
275 253.472 13.1516 0.899959
276 251.698 12.6916 0.896765
277 249.996 12.1592 0.894366
278 248.521 11.5397 0.892937
279 247.032 10.9166 0.891698
280 245.437 10.2919 0.890502
281 243.625 9.71132 0.889342
282 241.392 9.18208 0.888308
283 238.72 8.56968 0.887752
284 235.562 7.90487 0.887419
285 232.004 7.23762 0.887118
286 228.097 6.5436 0.886967
287 223.813 5.92943 0.886941
288 219.229 5.55271 0.886634
289 214.438 5.34842 0.886263
290 209.445 5.29505 0.886006
291 204.005 5.37087 0.885614
292 198.443 5.53109 0.885069
293 192.902 5.60278 0.884548
294 187.453 5.69192 0.884035
295 182.041 5.82316 0.883368
296 176.671 5.92605 0.882811
297 171.105 6.02474 0.882303
298 165.261 6.21006 0.881533
299 159.481 6.33261 0.880307
300 153.405 6.53384 0.879001
301 147.269 6.72636 0.87795
302 141.322 6.83106 0.876967
303 135.292 6.99416 0.876232
304 129.154 7.17811 0.875432
305 122.964 7.21431 0.87472
306 117.031 6.78729 0.874338
307 111.252 6.12134 0.873998
308 105.725 5.33832 0.873768
309 100.529 4.41502 0.874206
310 95.5227 3.6913 0.874755
311 90.6517 3.28864 0.875007
312 85.9159 3.12178 0.874921
313 81.3309 3.18966 0.874387
314 76.8255 3.47872 0.873325
315 72.3805 3.84646 0.872095
316 67.9428 4.18756 0.870729
317 63.4786 4.54337 0.869025
318 58.9841 4.88684 0.867056
319 54.4735 5.15216 0.864943
320 50.0195 5.28063 0.86303
321 45.6493 5.24718 0.861614
322 41.4111 4.9761 0.860991
323 37.2973 4.41629 0.861252
324 33.1717 3.72347 0.861694
325 28.9666 3.03576 0.861819
326 24.6382 2.416 0.861502
327 20.2107 1.78597 0.860982
328 15.7233 1.17897 0.86014
329 11.2252 0.622081 0.859203
330 6.77587 0.0961178 0.858528
331 2.36328 -0.371987 0.85807
332 -2.0644 -0.875615 0.857612
333 -6.54219 -1.41223 0.856839
334 -10.965 -1.94653 0.855849
335 -15.1695 -2.58287 0.855226
336 -19.0862 -3.36766 0.855153
337 -22.795 -4.20986 0.855117
338 -26.5035 -4.83036 0.85434
339 -30.3474 -5.18342 0.852577
340 -34.1236 -5.38447 0.850457
341 -37.7678 -5.5611 0.848347
342 -41.2262 -5.63668 0.846346
343 -44.461 -5.65374 0.844592
344 -47.2976 -5.58127 0.842984
345 -49.735 -5.27807 0.841096
346 -51.8512 -4.95109 0.838967
347 -53.8356 -4.36182 0.836027
348 -55.8292 -3.72233 0.832463
349 -57.627 -3.11863 0.82917
350 -59.2288 -2.44246 0.825966
351 -60.7126 -1.72934 0.822699
352 -62.1385 -0.986126 0.819446
353 -63.5899 -0.200115 0.816272
354 -65.1013 0.68023 0.813197
355 -66.5784 1.51603 0.810383
356 -67.949 2.23504 0.807971
357 -69.2195 2.91718 0.80568
358 -70.254 3.54293 0.803576
359 -70.8495 3.99651 0.802005
360 -71.13 4.35961 0.801469
361 -71.0176 4.6043 0.801899
362 -70.7004 4.79686 0.802512
363 -70.2786 4.88462 0.803391
364 -69.7742 4.91398 0.804286
365 -68.8068 4.99418 0.805413
366 -67.656 5.37589 0.806189
367 -66.3973 6.19996 0.806225
368 -65.1003 7.21832 0.805873
369 -63.6236 8.10911 0.805915
370 -61.8021 8.85175 0.806365
371 -60.0524 9.47669 0.807336
372 -58.3976 10.0239 0.808543
373 -56.5993 10.5293 0.80976
374 -54.451 10.9608 0.811257
375 -52.0097 11.3142 0.812961
376 -49.4282 11.6314 0.814522
377 -46.8056 11.9423 0.815953
378 -44.175 12.1708 0.81757
379 -41.5297 12.3346 0.819452
380 -38.8531 12.4857 0.821567
381 -36.1528 12.6061 0.823873
382 -33.4248 12.6995 0.826199
383 -30.7041 12.8052 0.828385
384 -27.9208 12.9383 0.830449
385 -25.0448 13.0782 0.832403
386 -22.1514 13.1901 0.834328
387 -19.2822 13.285 0.836235
388 -16.5372 13.4849 0.838042
389 -14.0518 13.6954 0.840073
390 -11.851 13.8231 0.842363
391 -10.0809 13.8956 0.844553
392 -8.29809 13.9699 0.846723
393 -6.94637 14.0147 0.849084
394 -5.88759 14.0617 0.851815
395 -5.09718 14.2651 0.854432
396 -4.50144 14.7498 0.856434
397 -3.98974 15.4778 0.857915
398 -3.48105 16.2708 0.859297
399 -2.93623 16.9152 0.860952
400 -2.31014 17.3406 0.863018
401 -1.56557 17.5939 0.865554
402 -0.78406 17.852 0.868207
403 -0.0486735 18.0463 0.870877
404 0.622812 18.1944 0.873584
405 1.14435 18.3246 0.876201
406 1.57359 18.2901 0.878969
407 1.93702 18.2713 0.881806
408 2.34145 18.0654 0.88521
409 2.76437 17.9251 0.888889
410 2.91728 17.8265 0.892259
411 2.79998 17.7149 0.895306
412 2.55865 17.6565 0.898202
413 2.25762 17.6272 0.901043
414 1.92353 17.5704 0.903877
415 1.56427 17.4623 0.906794
416 1.20485 17.3149 0.909798
417 0.836045 17.1573 0.912827
418 0.407223 16.9792 0.915901
419 -0.0806608 16.7814 0.919
420 -0.636574 16.575 0.922038
421 -1.51267 16.4179 0.924641
422 -2.49367 16.2752 0.926538
423 -3.66685 16.1964 0.92811
424 -5.15011 16.1556 0.929419
425 -6.96831 16.1578 0.930586
426 -9.43281 16.1614 0.931481
427 -12.2521 16.0707 0.93231
428 -15.214 15.8515 0.932893
429 -18.1288 15.5876 0.933437
430 -21.1452 15.452 0.933624
431 -24.4437 15.458 0.933628
432 -27.6716 15.4251 0.933708
433 -30.9026 15.3359 0.934019
434 -34.3522 15.191 0.934586
435 -38.1054 14.9546 0.935386
436 -42.0444 14.6888 0.93627
437 -46.0161 14.4641 0.937103
438 -49.9317 14.2803 0.937696
439 -53.7603 14.1408 0.937866
440 -57.4911 14.0447 0.937694
441 -61.1433 13.9205 0.937344
442 -64.6961 13.7791 0.936881
443 -68.1567 13.613 0.936603
444 -71.5751 13.4092 0.93659
445 -75.026 13.2022 0.936782
446 -78.5549 13.022 0.937122
447 -82.1359 12.8409 0.937669
448 -85.7134 12.6533 0.938369
449 -89.1699 12.4348 0.939108
450 -92.3468 12.2106 0.939893
451 -95.1944 12.0463 0.940686
452 -97.5805 11.9367 0.941626
453 -99.9458 11.8393 0.942589
454 -101.882 11.886 0.943204
455 -103.515 12.0585 0.943415
456 -104.988 12.2461 0.943462
457 -106.353 12.3729 0.943574
458 -107.752 12.4232 0.943502
459 -109.25 12.4269 0.943303
460 -110.915 12.4459 0.942805
461 -112.73 12.5713 0.941919
462 -114.703 12.8062 0.940705
463 -116.768 13.1194 0.939321
464 -118.91 13.4836 0.937806
465 -121.116 13.9085 0.936111
466 -123.366 14.353 0.934326
467 -125.633 14.7752 0.932544
468 -127.897 15.1594 0.930802
469 -130.172 15.5299 0.929037
470 -132.467 15.9145 0.927203
471 -133.658 15.9405 0.926856
472 -134.893 15.9647 0.92649
473 -136.17 15.983 0.9261
474 -137.471 16.008 0.925678
475 -138.799 16.069 0.925187
476 -140.143 16.187 0.924626
477 -141.547 16.3508 0.923976
478 -143.041 16.5543 0.923188
479 -144.589 16.7894 0.922255
480 -146.183 17.0551 0.92117
481 -147.856 17.3803 0.919941
482 -149.591 17.7699 0.918635
483 -151.266 18.1575 0.917234
484 -152.761 18.4786 0.915792
485 -153.911 18.7633 0.914286
486 -154.658 19.0025 0.912855
487 -155.034 19.151 0.911687
488 -155.111 19.2223 0.910857
489 -154.995 19.2236 0.910813
490 -154.885 19.1461 0.91132
491 -154.869 19.0051 0.912184
492 -155.011 18.8258 0.913022
493 -155.274 18.6996 0.913331
494 -155.547 18.6593 0.913047
495 -155.795 18.7302 0.912258
496 -156.101 18.974 0.910894
497 -156.513 19.2913 0.909402
498 -157.065 19.6201 0.90807
499 -157.774 19.9595 0.90706
500 -158.625 20.2903 0.906674
