1 3.79795e-14 -9.7602e-14 3.2435e-16
2 -0.0081015 0.0312144 -0.000434438
3 0.236483 0.455112 -0.000863395
4 0.20717 0.751088 -0.0018284
5 0.607581 1.12308 -0.00249589
6 0.695286 1.43229 -0.00322291
7 0.3032 1.55929 -0.00482419
8 0.360901 1.49626 -0.00532245
9 0.71442 1.44101 -0.00435507
10 0.676189 1.40275 -0.00482928
11 1.21969 1.42795 -0.00371741
12 1.63152 1.66166 -0.00344489
13 1.16592 1.57598 -0.00394132
14 1.01009 1.51346 -0.0036874
15 0.613749 1.43466 -0.00392732
16 -0.0312957 0.796827 -0.00305931
17 -0.935088 0.660857 -0.00468869
18 -2.07025 0.31041 -0.00694482
19 -3.65198 0.0736191 -0.011293
20 -5.25391 -0.310463 -0.0159242
21 -6.28071 -0.263547 -0.0199241
22 -7.16248 -0.176673 -0.0224868
23 -8.00904 -0.209187 -0.024643
24 -8.18422 -0.525728 -0.0262229
25 -7.84304 -0.26447 -0.0279274
26 -8.91653 0.771146 -0.0324749
27 -11.755 2.49905 -0.0397184
28 -10.9453 3.33644 -0.0482981
29 -12.5147 1.57918 -0.05042
30 -13.9037 -0.608894 -0.0526422
31 -16.033 -1.58067 -0.0549844
32 -15.6494 -1.27118 -0.0558871
33 -15.92 -1.47178 -0.0565031
34 -16.649 -1.58884 -0.0580157
35 -17.3692 -1.87687 -0.0586631
36 -17.4515 -2.10258 -0.0591162
37 -16.8745 -3.24518 -0.0552596
38 -16.1087 -5.80977 -0.047666
39 -16.5163 -9.48133 -0.0362599
40 -15.3234 -18.4372 -0.00460727
41 -12.1553 -33.2877 0.0431321
42 -10.1698 -45.6996 0.0701174
43 -7.37988 -57 0.102425
44 -1.74155 -68.1265 0.139399
45 1.27144 -80.1082 0.17382
46 7.46272 -90.8818 0.197591
47 13.0599 -96.8517 0.202056
48 13.2672 -97.85 0.192761
49 5.57964 -96.4041 0.1829
50 8.33753 -108.158 0.22861
51 10.8313 -112.628 0.246672
52 11.9595 -113.546 0.245259
53 9.47602 -115.324 0.242494
54 9.13051 -117.085 0.244955
55 8.52584 -118.186 0.245157
56 9.47104 -119.167 0.246715
57 13.4749 -121.216 0.255544
58 17.8219 -123.137 0.264988
59 16.4654 -123.585 0.265012
60 11.9247 -124.608 0.262958
61 10.0655 -125.803 0.26313
62 10.5446 -126.238 0.265312
63 11.4347 -126.962 0.268324
64 12.1191 -127.266 0.269777
65 10.857 -127.293 0.267978
66 7.87113 -127.518 0.265456
67 6.43861 -128.044 0.265373
68 8.94384 -128.515 0.268923
69 19.817 -129.813 0.286355
70 48.9251 -135.518 0.329293
71 48.9251 -135.518 0.422624
72 48.9251 -135.518 0.485254
73 48.9251 -135.518 0.530596
74 75.6669 -140.461 0.511347
75 93.4131 -141.419 0.484277
76 93.4131 -141.419 0.499792
77 93.4131 -141.419 0.582017
78 93.4131 -141.419 0.697196
79 93.4131 -141.419 0.737448
80 93.4131 -141.419 0.781692
81 117.901 -134.365 0.812902
82 129.594 -126.743 0.863797
83 147.726 -122.97 0.918936
84 147.726 -122.97 1.00228
85 147.726 -122.97 1.08939
86 147.726 -122.97 1.16585
87 162.259 -145.427 1.19965
88 176.606 -155.375 1.22858
89 186.99 -163.507 1.25024
90 192.946 -173.517 1.2695
91 207.069 -176.486 1.28392
92 223.146 -166.411 1.28626
93 238.506 -167.755 1.31769
94 255.882 -169.107 1.35491
95 282.141 -164.289 1.40495
96 301.037 -141.279 1.42433
97 301.037 -141.279 1.40267
98 301.037 -141.279 1.33009
99 301.037 -141.279 1.27408
100 291.318 -133.786 1.249
101 284.217 -126.734 1.24157
102 278.081 -107.089 1.22223
103 273.871 -95.9094 1.2136
104 274.155 -90.5832 1.20784
105 271.065 -85.6105 1.18864
106 270.141 -83.0531 1.17512
107 271.68 -82.0778 1.17423
108 274.055 -78.8922 1.17653
109 276.389 -70.8565 1.17442
110 275.605 -58.7461 1.16234
111 277.205 -51.1074 1.1582
112 278.868 -45.4557 1.15074
113 277.713 -56.2685 1.15491
114 285.392 -62.4826 1.16654
115 286.008 -60.5849 1.14726
116 289.585 -58.3016 1.13958
117 295.825 -55.6258 1.14391
118 302.422 -54.7747 1.15284
119 309.777 -58.0443 1.16654
120 316.849 -57.1057 1.15382
121 329.689 -53.6849 1.13594
122 331.334 -51.9041 1.13174
123 331.666 -51.7442 1.13767
124 337.662 -50.7598 1.12742
125 341.614 -49.0444 1.12762
126 338.54 -48.242 1.13222
127 335.62 -49.4797 1.13559
128 332.737 -50.2399 1.13591
129 330.99 -49.9143 1.13137
130 331.686 -44.1449 1.12324
131 332.333 -44.5959 1.13906
132 328.79 -45.187 1.15572
133 319.598 -44.3684 1.16106
134 297.287 -38.1415 1.13503
135 269.835 -32.6898 1.10613
136 249.255 -27.672 1.0966
137 228.529 -25.2365 1.09103
138 211.298 -27.102 1.0985
139 200.352 -30.2997 1.11575
140 191.144 -29.0292 1.12448
141 172.47 -18.479 1.11074
142 144.251 -9.80981 1.09369
143 118.868 0.782296 1.08027
144 98.76 12.709 1.06105
145 79.2301 22.7693 1.03546
146 67.7317 27.889 1.02225
147 58.3836 30.1934 1.00896
148 50.4431 34.0849 0.985798
149 43.1307 34.8748 0.968401
150 37.6427 31.6183 0.961846
151 32.5516 26.3354 0.955924
152 26.1245 25.154 0.938479
153 19.7459 27.0732 0.916708
154 16.0223 29.3572 0.902565
155 16.4659 30.7379 0.900572
156 17.9801 27.676 0.910357
157 17.4113 24.7876 0.919627
158 18.2828 23.3149 0.930811
159 26.3148 20.6548 0.950739
160 44.8713 17.2326 0.984115
161 63.8177 13.3834 1.03198
162 69.3777 11.0633 1.06003
163 68.5553 8.39935 1.06409
164 67.296 3.51546 1.06247
165 67.7435 0.794224 1.06245
166 66.0373 1.55553 1.06037
167 63.8703 4.19076 1.05638
168 62.9598 7.50652 1.05083
169 60.3616 10.0466 1.04354
170 55.975 12.9928 1.03069
171 44.1739 21.6426 0.99561
172 33.9173 27.3353 0.970502
173 25.8041 30.6738 0.953536
174 20.6539 29.6959 0.952261
175 17.2045 25.2868 0.965625
176 13.2025 19.9634 0.984672
177 9.00271 18.1623 0.994655
178 8.34308 18.8467 0.995816
179 10.2902 20.2779 0.993273
180 12.3356 22.5804 0.989957
181 16.1888 26.5957 0.988063
182 22.3076 28.9011 0.995867
183 25.6333 29.9302 1.00413
184 25.9333 32.6692 1.00379
185 20.844 41.3519 0.976066
186 19.7171 49.8548 0.950207
187 22.4222 53.7626 0.941076
188 23.1956 52.6295 0.943682
189 21.7833 52.4051 0.938241
190 21.0137 53.5458 0.923162
191 22.4163 53.1634 0.907586
192 34.4734 47.6871 0.909128
193 59.9575 53.695 0.890709
194 59.9575 53.695 0.860381
195 59.9575 53.695 0.839512
196 59.9575 53.695 0.851389
197 59.9575 53.695 0.907911
198 59.9575 53.695 0.966002
199 86.1238 46.1972 0.98794
200 111.961 38.7759 0.996022
201 111.961 38.7759 1.02045
202 111.961 38.7759 1.01567
203 111.961 38.7759 1.04226
204 111.961 38.7759 1.03072
205 129.774 38.6013 0.988352
206 142.471 42.5892 0.950745
207 156.432 42.0933 0.951728
208 168.05 41.7459 0.96504
209 165.672 38.0523 0.976793
210 154.738 31.3651 0.993384
211 152.076 25.6088 1.02782
212 149.225 17.6629 1.05683
213 142.923 8.16093 1.08389
214 127.38 -2.30453 1.10825
215 108.941 -16.1558 1.13304
216 97.7048 -15.212 1.12586
217 96.6867 -15.0374 1.12577
218 99.9881 -10.1266 1.11922
219 98.7696 -7.97467 1.12183
220 98.7811 -9.23087 1.13457
221 98.784 -6.15402 1.13198
222 98.6345 -3.66637 1.13058
223 100.214 -1.43441 1.12898
224 101.649 -1.89384 1.1293
225 103.096 -2.25188 1.12385
226 108.006 -3.61388 1.12379
227 111.743 -5.70287 1.13107
228 109.802 -9.86607 1.14061
229 105.637 -12.1455 1.14223
230 102.454 -14.1479 1.14483
231 101.334 -16.0674 1.14662
232 101.511 -17.4158 1.15
233 103.267 -18.0953 1.15092
234 107.194 -19.1905 1.14887
235 113.354 -24.0182 1.15039
236 125.106 -25.9869 1.1357
237 138.731 -17.2845 1.10685
238 154.01 -7.21101 1.08533
239 168.095 -0.634528 1.08301
240 177.034 5.60539 1.08127
241 186.773 12.9279 1.08059
242 199.858 23.48 1.07915
243 223.09 37.4626 1.0766
244 232.993 50.9332 1.05261
245 228.665 55.9726 1.03236
246 225.105 58.7304 1.01472
247 219.387 58.6772 1.00286
248 213.711 55.8887 0.995541
249 211.679 51.5499 0.988423
250 217.209 45.5143 0.978172
251 233.899 40.0956 0.955603
252 245.709 40.2778 0.922952
253 255.527 39.3843 0.914851
254 262.68 37.374 0.921221
255 272.82 34.0573 0.927425
256 295.712 21.2044 0.942819
257 319.003 6.51924 0.962109
258 336.287 -7.46607 0.980632
259 348.986 -21.7761 0.987396
260 375.169 -33.6183 0.999208
261 385.129 -41.6657 1.00717
262 387.187 -41.9002 0.997418
263 380.13 -40.0873 0.979504
264 373.83 -36.6889 0.96878
265 368.695 -32.691 0.957912
266 369.124 -28.8844 0.947868
267 364.175 -25.5832 0.940122
268 360.29 -21.7549 0.932604
269 354.416 -19.3302 0.923542
270 345.549 -15.6198 0.915869
271 327.636 -3.86948 0.911625
272 327.636 -3.86948 0.897715
273 327.636 -3.86948 0.889595
274 327.636 -3.86948 0.89302
275 305.842 8.31388 0.898244
276 291.721 17.0012 0.899039
277 275.506 26.4863 0.876779
278 257.714 36.6506 0.825121
279 250.569 31.6556 0.803686
280 248.078 16.8123 0.815862
281 243.002 4.29241 0.837811
282 232.501 -5.84282 0.85251
283 224.102 -14.7872 0.86853
284 217.645 -19.6321 0.882375
285 215.203 -19.7997 0.900225
286 214.002 -17.4327 0.913994
287 211.54 -14.1475 0.919383
288 208.03 -9.65723 0.917504
289 200.475 -1.14451 0.896939
290 190.974 10.5431 0.863971
291 180.904 25.0544 0.823073
292 166.921 41.4635 0.776123
293 158.514 50.4937 0.766429
294 157.573 54.4522 0.77624
295 159.17 54.515 0.792333
296 162.318 52.2311 0.810116
297 166.456 48.9457 0.826817
298 168.296 45.3176 0.834809
299 166.079 43.2846 0.826802
300 163.068 39.6409 0.816114
301 162.435 36.5906 0.819622
302 161.753 33.13 0.830728
303 160.016 24.3552 0.848494
304 148.144 19.1653 0.847584
305 132.625 21.5912 0.841229
306 120.442 27.9132 0.837519
307 121.26 26.2589 0.86837
308 129.449 20.8835 0.915695
309 122.88 17.8827 0.919943
310 114.374 13.4406 0.915479
311 106.681 10.1003 0.907441
312 97.6552 7.81188 0.892523
313 82.7336 2.92115 0.888999
314 62.9235 -1.16916 0.894585
315 45.6117 -3.3283 0.902809
316 34.4809 -8.27751 0.918235
317 34.3876 -16.26 0.94124
318 39.3851 -16.4605 0.943388
319 44.0246 -19.9283 0.957979
320 44.4288 -25.0313 0.971735
321 43.3128 -28.9935 0.975303
322 45.8437 -31.8921 0.973914
323 49.2257 -37.5271 0.965657
324 47.7122 -34.6497 0.948163
325 43.7453 -28.683 0.928126
326 41.0937 -26.4153 0.923917
327 29.5817 -22.8638 0.916891
328 7.70882 -14.279 0.893131
329 7.70882 -14.279 0.857852
330 -16.2468 -7.05567 0.843886
331 -28.7457 -3.87587 0.851747
332 -35.1288 2.51742 0.851629
333 -40.1668 6.0795 0.852889
334 -46.7984 7.35155 0.840827
335 -49.9187 -1.66148 0.84954
336 -56.0913 -17.7339 0.874944
337 -60.8253 -23.6221 0.878301
338 -61.607 -21.2781 0.8628
339 -59.2214 -19.6706 0.851779
340 -54.84 -12.491 0.837189
341 -49.0546 -7.7503 0.831257
342 -45.8828 -5.88548 0.832585
343 -47.1834 -1.70234 0.819904
344 -50.7259 2.84566 0.80378
345 -53.5012 2.80005 0.807331
346 -55.4961 1.00703 0.816904
347 -58.3111 4.27197 0.810054
348 -62.6271 6.80408 0.799223
349 -67.1179 6.52745 0.788629
350 -71.2135 6.69194 0.780255
351 -75.6135 8.50294 0.777584
352 -77.6266 8.51838 0.785074
353 -84.0191 7.31482 0.792045
354 -93.1476 8.23192 0.793383
355 -98.9349 12.5017 0.783881
356 -104.866 16.7101 0.772969
357 -107.761 13.7991 0.778408
358 -107.272 11.9184 0.775482
359 -106.092 11.3476 0.777664
360 -105.327 11.2009 0.785576
361 -106.1 11.0865 0.788219
362 -107.653 5.86929 0.791694
363 -111.393 0.39613 0.783518
364 -109.774 -8.23672 0.788132
365 -108.334 -19.6515 0.809587
366 -106.294 -26.2808 0.836762
367 -105.792 -23.4613 0.835313
368 -104.959 -11.5916 0.820964
369 -105.03 -0.652874 0.808209
370 -107.467 5.61847 0.790569
371 -107.922 2.66625 0.786788
372 -104.282 5.48976 0.785398
373 -99.6693 6.77107 0.785494
374 -90.2971 7.34171 0.790904
375 -85.7594 17.3261 0.779431
376 -83.4768 16.6176 0.772971
377 -86.5654 27.6681 0.738856
378 -87.2221 22.7487 0.723855
379 -70.2841 20.3654 0.742514
380 -53.6835 21.318 0.762545
381 -46.0823 18.4691 0.772438
382 -43.6707 16.3424 0.776872
383 -42.6875 16.0545 0.780322
384 -42.9706 16.1739 0.778047
385 -42.3919 16.3339 0.776521
386 -39.8602 15.1769 0.780983
387 -36.4071 15.1949 0.784172
388 -33.5204 15.3073 0.788537
389 -28.6219 13.3892 0.797326
390 -9.39618 7.87037 0.825119
391 -9.39618 7.87037 0.870176
392 -9.39618 7.87037 0.889095
393 -9.39618 7.87037 0.905244
394 -9.39618 7.87037 0.907478
395 12.2092 12.244 0.909623
396 20.28 21.6231 0.896844
397 20.6881 32.5342 0.877145
398 18.2924 38.498 0.856863
399 28.4762 33.0595 0.865359
400 51.8894 25.6304 0.87921
401 51.8894 25.6304 0.896409
402 51.8894 25.6304 0.9049
403 63.813 24.9432 0.906804
404 83.8633 24.6212 0.911253
405 98.1958 24.4016 0.907681
406 103.97 22.1465 0.902569
407 104.48 19.9714 0.904204
408 102.155 18.2104 0.908657
409 98.7385 16.8003 0.914059
410 96.154 15.7424 0.91762
411 93.5024 14.035 0.920928
412 90.7957 14.2036 0.919505
413 88.3349 14.9639 0.918416
414 85.7645 15.4361 0.917941
415 82.2901 16.7661 0.912553
416 77.5591 19.3243 0.901323
417 70.154 22.4977 0.889267
418 59.6865 25.9978 0.888649
419 44.3375 24.7549 0.899392
420 28.1595 19.1399 0.917312
421 2.64885 15.6204 0.91919
422 2.64885 15.6204 0.920596
423 -25.1983 8.6025 0.935741
424 -46.8069 3.26183 0.950089
425 -61.5588 4.17383 0.947752
426 -71.9937 9.91332 0.931743
427 -75.0807 18.1272 0.927049
428 -74.761 24.9123 0.919636
429 -71.7254 27.7155 0.9219
430 -66.838 25.2974 0.934238
431 -62.0482 21.0687 0.945295
432 -60.2496 18.4134 0.948597
433 -59.423 17.3425 0.948272
434 -58.7087 15.8049 0.950613
435 -58.4833 15.2821 0.950591
436 -59.5755 15.2215 0.948268
437 -61.3079 15.4736 0.946007
438 -61.8951 15.1082 0.946497
439 -61.4238 14.186 0.948301
440 -60.9564 14.3551 0.948043
441 -60.8388 14.5089 0.948414
442 -60.8036 14.9067 0.949101
443 -62.0336 14.5537 0.950172
444 -63.0667 12.5923 0.953199
445 -64.8854 9.57952 0.956004
446 -64.3171 7.34054 0.959723
447 -62.357 5.56627 0.965762
448 -62.5653 4.33079 0.971713
449 -63.2813 3.23652 0.977564
450 -62.5327 0.798155 0.982619
451 -62.8378 -1.70973 0.983939
452 -69.2374 -0.836375 0.985909
453 -80.9602 3.06472 0.984977
454 -99.8748 5.38159 0.985103
455 -120.306 8.00235 0.978642
456 -138.126 12.4681 0.964241
457 -151.695 16.0858 0.947397
458 -159.992 19.1645 0.912706
459 -159.511 22.4031 0.890032
460 -155.52 24.7871 0.876745
461 -149.323 25.9977 0.879502
462 -145.01 23.6194 0.90128
463 -145.202 20.1923 0.923844
464 -146.612 16.1058 0.94144
465 -145.083 10.1968 0.960029
466 -142.085 8.18771 0.961615
467 -138.298 8.4395 0.953338
468 -134.377 8.75973 0.940395
469 -131.385 9.70453 0.919047
470 -128.841 10.9345 0.903564
471 -126.632 8.17107 0.896258
472 -123.216 5.40494 0.892672
473 -120.302 4.0728 0.902595
474 -120.187 2.53211 0.917575
475 -124.743 2.8097 0.929655
476 -132.973 5.77148 0.933292
477 -140.882 8.28126 0.934688
478 -148.072 11.0542 0.932003
479 -151.158 12.6677 0.93373
480 -149.458 11.0779 0.947238
481 -145.54 9.11697 0.965713
482 -142.902 8.93651 0.9765
483 -141.635 9.67755 0.97934
484 -143.315 11.4529 0.97327
485 -146.442 13.7826 0.962988
486 -151.37 15.6201 0.950606
487 -155.29 17.644 0.93858
488 -160.404 21.1952 0.922662
489 -166.144 25.1393 0.907496
490 -173.255 28.878 0.891503
491 -177.604 32.9447 0.880198
492 -182.358 35.397 0.871267
493 -186.218 37.5202 0.864155
494 -190.097 39.5559 0.855853
495 -193.259 41.7254 0.847196
496 -195.744 42.3991 0.841722
497 -197.85 40.9734 0.839569
498 -199.447 38.9081 0.839756
499 -200.661 37.7122 0.838803
500 -201.381 37.6423 0.836432
